A_R_Z_F_cell_delay
index1:[0.12, 0.24, 0.7, 1.8, 4.1]/
index2:[0.1, 0.2, 0.5, 0.9, 1.8]/
values:[[0.12 0.22 0.32 0.42 0.52]
 [0.32 0.52 0.72 0.92 1.12]
 [0.52 0.82 1.12 1.42 1.72]
 [0.72 1.12 1.52 1.92 2.32]
 [0.92 1.42 1.92 2.42 2.92]]/
A_R_Z_F_fall_transition
index1:[0.12, 0.24, 0.7, 1.8, 4.1]/
index2:[0.1, 0.2, 0.5, 0.9, 1.8]/
values:[[0.12 0.22 0.32 0.42 0.52]
 [0.32 0.52 0.72 0.92 1.12]
 [0.52 0.82 1.12 1.42 1.72]
 [0.72 1.12 1.52 1.92 2.32]
 [0.92 1.42 1.92 2.42 2.92]]/
A_F_Z_R_cell_delay
index1:[0.12, 0.24, 0.7, 1.8, 4.1]/
index2:[0.1, 0.2, 0.5, 0.9, 1.8]/
values:[[0.12 0.22 0.32 0.42 0.52]
 [0.32 0.52 0.72 0.92 1.12]
 [0.52 0.82 1.12 1.42 1.72]
 [0.72 1.12 1.52 1.92 2.32]
 [0.92 1.42 1.92 2.42 2.92]]/
A_F_Z_R_rise_transition
index1:[0.12, 0.24, 0.7, 1.8, 4.1]/
index2:[0.1, 0.2, 0.5, 0.9, 1.8]/
values:[[0.12 0.22 0.32 0.42 0.52]
 [0.32 0.52 0.72 0.92 1.12]
 [0.52 0.82 1.12 1.42 1.72]
 [0.72 1.12 1.52 1.92 2.32]
 [0.92 1.42 1.92 2.42 2.92]]/
